0.9987,0.22078,0.26317,0.12929,0.13716,0.33093,0.057253,0.15239
0.22078,0.9987,0.036195,0.01766,0.14046,0.1976,0.39206,0.28144
0.26317,0.036195,0.9987,0.54363,0.033518,-0.042108,-0.11382,0.23922
0.12929,0.01766,0.54363,0.9987,-0.033479,-0.073439,-0.081565,0.1411
0.13716,0.14046,0.033518,-0.033479,0.9987,0.18483,0.18369,0.041211
0.33093,0.1976,-0.042108,-0.073439,0.18483,0.9987,0.43621,0.088818
0.057253,0.39206,-0.11382,-0.081565,0.18369,0.43621,0.9987,0.2071
0.15239,0.28144,0.23922,0.1411,0.041211,0.088818,0.2071,0.9987
