11.354,13.947,9.2145,-4.39,-28.555,0.46977,-0.037426,21.571
13.947,1022.2,94.431,29.239,1220.9,55.727,1.4549,99.083
9.2145,94.431,374.65,64.029,198.38,43.005,0.26464,54.523
-4.39,29.239,64.029,254.47,802.98,49.374,0.97214,-21.381
-28.555,1220.9,198.38,802.98,13281,179.78,7.0667,-57.143
0.46977,55.727,43.005,49.374,179.78,62.16,0.3674,3.3603
-0.037426,1.4549,0.26464,0.97214,7.0667,0.3674,0.10978,0.13077
21.571,99.083,54.523,-21.381,-57.143,3.3603,0.13077,138.3
